%YAML:1.0
intrinsicMatrix: !!opencv-matrix
   rows: 3
   cols: 3
   dt: d
   data: [ 5.80372742e+02, 0., 3.29050293e+02, 0., 5.78014587e+02,
       2.14252747e+02, 0., 0., 1. ]
distortionCoeffs: !!opencv-matrix
   rows: 1
   cols: 5
   dt: d
   data: [  -4.1688358947691517e-01, 2.5450877092891150e-01,
       1.8271627900026923e-04, 7.4089006910950535e-04,
       -9.6359635265720986e-02 ]
