%YAML:1.0
intrinsicMatrix: !!opencv-matrix
   rows: 3
   cols: 3
   dt: f
   data: [5.88306335e+02, 0., 3.33807526e+02, 0., 5.87338013e+02,
       2.15304565e+02, 0., 0., 1. ]
distortionCoeffs: !!opencv-matrix
   rows: 1
   cols: 5
   dt: d
   data: [ -4.1957426100286904e-01, 2.8084804972289379e-01,
       -7.4174835760052805e-04, -4.1678401932515656e-04,
       -1.4966536961354490e-01 ]
